weights: 
  Q: [100.0, 100.0]
  q: 0.0
  R: [10.0, 100.0, 100.0]
constraints: 
  omega_min: -1.0
  v_min: 0.0
  gamma_min: 0.0
  theta_min: -inf
  beta_min: 0.0
  omega_max: 1.0
  v_max: 0.5
  gamma_max: 1.0
  theta_max: inf
  beta_max: 37.279293060302734
horizon: 30
Ts: 0.10000000149011612
avg_solve_time: 0.060906004160642624/n lap time: 641