weights: 
  Q: [100.0, 100.0]
  q: 1.0
  R: [1.0, 5.0, 5.0]
constraints: 
  omega_min: -4.0
  v_min: 0.0
  gamma_min: 0.0
  theta_min: -inf
  beta_min: 0.0
  omega_max: 4.0
  v_max: 1.0
  gamma_max: 1.0
  theta_max: inf
  beta_max: 169.99176025390625
horizon: 20
Ts: 0.10000000149011612
avg_solve_time: 0.02428300678730011