weights: 
  Q: [150.0, 150.0]
  q: 1.0
  R: [5.0, 25.0, 50.0]
constraints: 
  omega_min: -3.0
  v_min: 0.0
  gamma_min: 0.0
  theta_min: -inf
  beta_min: 0.0
  omega_max: 3.0
  v_max: 1.0
  gamma_max: 1.0
  theta_max: inf
  beta_max: 37.279293060302734
horizon: 30
Ts: 0.06669999659061432
avg_solve_time: 0.02841290272772312/n lap time: 104