weights: 
  Q: [100.0, 100.0]
  q: 10.0
  R: [1.0, 10.0, 10.0]
constraints: 
  omega_min: -3.0
  v_min: 0.0
  gamma_min: 0.0
  theta_min: -inf
  beta_min: 0.0
  omega_max: 3.0
  v_max: 0.699999988079071
  gamma_max: 1.0
  theta_max: inf
  beta_max: 38.55509948730469
horizon: 30
Ts: 0.10000000149011612
avg_solve_time: 0.06045008823275566/n lap time: 126