weights: 
  Q: [100.0, 100.0]
  q: 8.0
  R: [1.0, 10.0, 10.0]
constraints: 
  omega_min: -3.0
  v_min: 0.0
  gamma_min: 0.0
  theta_min: -inf
  beta_min: 0.0
  omega_max: 3.0
  v_max: 1.0
  gamma_max: 1.0
  theta_max: inf
  beta_max: 37.54960250854492
horizon: 30
Ts: 0.10000000149011612
avg_solve_time: 0.058931250125169754