weights: 
  Q: [150.0, 150.0]
  q: 0.0
  R: [5.0, 25.0, 25.0]
constraints: 
  omega_min: -2.0
  v_min: 0.0
  gamma_min: 0.0
  theta_min: -inf
  beta_min: 0.0
  omega_max: 2.0
  v_max: 1.2000000476837158
  gamma_max: 1.2000000476837158
  theta_max: inf
  beta_max: 37.279293060302734
horizon: 20
Ts: 0.10000000149011612
avg_solve_time: 0.023751994594931602/n lap time: 489