weights: 
  Q: [70.0, 70.0]
  q: 1.7000000476837158
  R: [10.0, 50.0, 100.0]
constraints: 
  omega_min: -3.0
  v_min: 0.0
  gamma_min: 0.0
  theta_min: -inf
  beta_min: 0.0
  omega_max: 3.0
  v_max: 1.2000000476837158
  gamma_max: 1.0
  theta_max: inf
  beta_max: 43.037288665771484
horizon: 50
Ts: 0.10000000149011612
avg_solve_time: 0.023242129012942314/n lap time: 53