weights: 
  Q: [100.0, 100.0]
  q: 1.0
  R: [100.0, 1000.0, 1000.0]
constraints: 
  omega_min: -4.0
  v_min: 0.0
  gamma_min: 0.0
  theta_min: -inf
  beta_min: 0.0
  omega_max: 4.0
  v_max: 1.0
  gamma_max: 1.0
  theta_max: inf
  beta_max: 37.279293060302734
horizon: 30
Ts: 0.10000000149011612
avg_solve_time: 0.060638025403022766/n lap time: 290