weights: 
  Q: [100.0, 100.0]
  q: 5.0
  R: [1.0, 10.0, 10.0]
constraints: 
  omega_min: -3.0
  v_min: 0.0
  gamma_min: 0.0
  theta_min: -inf
  beta_min: 0.0
  omega_max: 3.0
  v_max: 0.5
  gamma_max: 0.5
  theta_max: inf
  beta_max: 37.279293060302734
horizon: 30
Ts: 0.10000000149011612
avg_solve_time: 0.0612296424806118/n lap time: 28