weights: 
  Q: [100.0, 100.0]
  q: 50.0
  R: [1.0, 10.0, 10.0]
constraints: 
  omega_min: -16.0
  v_min: 0.0
  gamma_min: 0.0
  theta_min: -inf
  beta_min: 0.0
  omega_max: 16.0
  v_max: 3.0
  gamma_max: 2.0
  theta_max: inf
  beta_max: 659.3656005859375
horizon: 60
Ts: 0.10000000149011612
avg_solve_time: 0.06917376071214676