weights: 
  Q: [75.0, 75.0]
  q: 0.0
  R: [10.0, 50.0, 100.0]
constraints: 
  omega_min: -3.0
  v_min: 0.0
  gamma_min: 0.0
  theta_min: -inf
  beta_min: 0.0
  omega_max: 3.0
  v_max: 0.800000011920929
  gamma_max: 1.0
  theta_max: inf
  beta_max: 37.279293060302734
horizon: 40
Ts: 0.10000000149011612
avg_solve_time: 0.06720896065235138/n lap time: 1116