weights: 
  Q: [100.0, 100.0]
  q: 9.0
  R: [1.0, 10.0, 10.0]
constraints: 
  omega_min: -5.0
  v_min: 0.0
  gamma_min: 0.0
  theta_min: -inf
  beta_min: 0.0
  omega_max: 5.0
  v_max: 1.0
  gamma_max: 1.0
  theta_max: inf
  beta_max: 37.31603240966797
horizon: 30
Ts: 0.10000000149011612
avg_solve_time: 0.05996108055114746/n lap time: 211