weights: 
  Q: [150.0, 150.0]
  q: 0.0
  R: [5.0, 25.0, 50.0]
constraints: 
  omega_min: -3.5999999046325684
  v_min: 0.0
  gamma_min: 0.0
  theta_min: -inf
  beta_min: 0.0
  omega_max: 3.5999999046325684
  v_max: 1.2000000476837158
  gamma_max: 1.2000000476837158
  theta_max: inf
  beta_max: 37.1242561340332
horizon: 20
Ts: 0.10000000149011612
avg_solve_time: 0.0254973117262125/n lap time: 1313