weights: 
  Q: [100.0, 100.0]
  q: 2.0
  R: [1.0, 5.0, 5.0]
constraints: 
  omega_min: -10.0
  v_min: 0.0
  gamma_min: 0.0
  theta_min: -inf
  beta_min: 0.0
  omega_max: 10.0
  v_max: 2.0
  gamma_max: 2.0
  theta_max: inf
  beta_max: 650.083740234375
horizon: 50
Ts: 0.10000000149011612
avg_solve_time: 0.07162673026323318