weights: 
  Q: [70.0, 70.0]
  q: 0.5
  R: [5.0, 50.0, 100.0]
constraints: 
  omega_min: -3.0
  v_min: 0.0
  gamma_min: 0.0
  theta_min: -inf
  beta_min: 0.0
  omega_max: 3.0
  v_max: 2.0
  gamma_max: 1.0
  theta_max: inf
  beta_max: 37.279293060302734
horizon: 50
Ts: 0.10000000149011612
avg_solve_time: 0.018892288208007812/n lap time: 291